10
77 233
1 2 30276
2 3 21911
3 4 9869
4 5 19280
5 6 10440
6 7 13580
7 8 19049
8 9 9027
9 10 14233
10 11 8411
11 12 10615
12 13 23784
13 14 19320
14 15 21264
15 16 14495
16 17 28761
17 18 14248
18 19 24371
19 20 21853
20 21 15603
21 22 13987
22 23 19494
23 24 2067
24 25 4698
25 26 24333
26 27 1360
27 28 16548
28 29 19133
29 30 25830
30 31 26364
31 32 16702
32 33 23132
33 34 31491
34 35 27131
35 36 11127
36 37 30791
37 38 26815
38 39 12945
39 40 25500
40 41 17512
41 42 10222
42 43 1679
43 44 15941
44 45 3779
45 46 7954
46 47 28348
47 48 11309
48 49 9213
49 50 19410
50 51 1913
51 52 22593
52 53 17179
53 54 29095
54 55 17573
55 56 27639
56 57 8333
57 58 8409
58 59 11455
59 60 28129
60 61 6763
61 62 10666
62 63 20298
63 64 28290
64 65 510
65 66 20432
66 67 31350
67 68 30560
68 69 7810
69 70 21033
70 71 29692
71 72 28762
72 73 19754
73 74 6827
74 75 14666
75 76 28476
76 77 25189
70 13 10906
76 34 12384
30 45 24761
30 58 22383
12 28 30849
14 58 28323
52 74 26352
75 33 16974
28 35 1135
3 49 19858
36 41 27524
63 54 3653
74 25 8722
44 33 26509
58 6 20870
50 41 32231
32 65 27773
66 61 12949
67 13 24782
68 24 7591
18 35 27389
69 20 27931
29 68 23673
61 21 13512
67 54 14397
77 69 19981
14 75 422
15 28 14212
36 34 1949
14 60 17438
60 77 27244
49 6 9850
47 6 9422
37 52 20565
41 52 4382
37 50 1885
16 14 18866
55 20 18392
49 1 28610
29 46 25306
52 46 26226
35 74 2297
19 24 30670
38 31 29641
58 24 14303
60 69 28545
14 77 24100
10 21 29591
74 14 18445
1 12 5180
31 48 30544
55 67 12275
30 15 13613
1 47 9156
77 20 8192
46 42 21943
63 41 23211
23 10 22673
31 35 28099
26 65 7448
77 40 14472
3 20 25665
21 33 9221
64 27 17169
1 15 13560
73 57 21540
66 65 10570
9 68 31756
73 59 5183
26 28 15626
30 29 30890
70 10 19410
43 33 17096
11 65 14928
28 54 19341
26 31 28340
5 13 19846
68 59 3112
33 54 30631
8 10 16378
17 54 9359
56 35 24872
49 63 15669
53 13 18828
1 70 1014
26 72 5910
60 4 376
10 58 26846
23 45 7912
49 56 32497
73 8 12658
22 47 13600
57 70 26889
24 66 28738
20 75 18655
36 33 4774
72 52 6672
20 20 14244
67 2 14710
46 42 8085
48 5 18337
34 36 11410
40 23 11872
10 33 26062
76 3 12650
20 9 31343
40 11 26617
1 68 32287
43 73 7040
21 72 26842
27 40 11205
26 15 4263
20 69 21243
29 34 12083
54 1 1205
59 43 24202
33 20 14543
55 55 8040
11 21 20378
15 32 16598
74 59 28397
51 5 13317
76 77 20457
44 16 18612
58 75 921
23 37 19835
39 48 18608
76 72 27857
71 50 14094
41 58 10927
52 48 21976
17 20 28686
8 21 14159
19 35 26821
12 21 413
7 30 28007
17 2 28239
35 5 5678
7 51 21066
72 3 13601
57 59 15940
3 28 9455
32 51 19512
35 48 26423
69 39 18504
30 25 18483
59 31 9224
27 37 30469
55 44 6449
30 26 2324
23 40 7455
20 24 1078
69 20 22705
18 35 7845
51 24 20578
15 76 13546
74 28 22192
27 79
1 2 18615
2 3 22322
3 4 26509
4 5 25799
5 6 32043
6 7 29432
7 8 18196
8 9 4840
9 10 23777
10 11 9414
11 12 4379
12 13 8127
13 14 23001
14 15 5802
15 16 1865
16 17 18150
17 18 32658
18 19 11066
19 20 12972
20 21 6850
21 22 20010
22 23 31784
23 24 14334
24 25 6072
25 26 20678
26 27 10007
9 5 16679
1 14 23725
13 9 23247
27 21 4421
20 23 12123
22 5 19651
2 22 31543
21 20 10306
13 10 22614
2 27 1451
8 2 29311
4 27 28163
13 2 12815
1 19 3413
22 10 20971
23 19 7406
7 24 147
12 23 31909
8 11 21906
16 6 25177
6 3 23498
26 12 29430
10 8 1604
2 4 23200
2 17 26763
2 23 8657
4 16 19647
24 27 7050
24 15 4323
14 7 27886
26 27 25106
4 12 26846
12 19 18337
4 16 23147
22 24 18769
1 11 28480
12 14 8997
16 26 20299
19 27 15994
7 7 8528
27 21 23401
2 13 21553
7 10 18085
5 7 4868
24 20 30543
6 11 24156
7 19 19826
18 18 28485
16 14 13613
25 22 22757
4 8 31663
8 25 25545
12 15 31381
93 177
1 2 21585
2 3 13129
3 4 27626
4 5 3549
5 6 7983
6 7 13735
7 8 17190
8 9 22377
9 10 5644
10 11 4809
11 12 12752
12 13 6003
13 14 22295
14 15 23668
15 16 32174
16 17 19321
17 18 15712
18 19 18117
19 20 31354
20 21 26655
21 22 23439
22 23 2068
23 24 31286
24 25 22575
25 26 3798
26 27 28701
27 28 6080
28 29 27870
29 30 15908
30 31 31330
31 32 4006
32 33 9041
33 34 6556
34 35 24523
35 36 6971
36 37 25439
37 38 28229
38 39 27536
39 40 491
40 41 7065
41 42 25091
42 43 5976
43 44 21707
44 45 24199
45 46 11206
46 47 12963
47 48 2164
48 49 25909
49 50 7169
50 51 6501
51 52 24850
52 53 6894
53 54 2398
54 55 15859
55 56 25784
56 57 5704
57 58 30128
58 59 2595
59 60 18423
60 61 9057
61 62 32552
62 63 23471
63 64 2222
64 65 17255
65 66 29133
66 67 8155
67 68 11043
68 69 17758
69 70 3366
70 71 21080
71 72 19795
72 73 23581
73 74 21049
74 75 25447
75 76 1159
76 77 21914
77 78 28090
78 79 18754
79 80 14632
80 81 22376
81 82 4732
82 83 16567
83 84 29908
84 85 17534
85 86 22571
86 87 278
87 88 22193
88 89 12346
89 90 29245
90 91 26445
91 92 8706
92 93 678
23 13 21286
85 45 12793
88 88 9674
75 32 14279
48 91 4760
54 68 15155
2 78 22386
87 49 3587
35 47 5471
30 58 23566
44 86 21257
74 48 6417
87 38 19072
64 74 26864
60 39 26799
11 24 22309
28 32 12048
32 52 23893
82 54 6265
58 23 25155
74 51 18452
43 85 20887
33 67 13807
50 10 559
47 92 20123
59 66 9211
8 46 9166
78 36 12179
5 23 27160
87 67 8447
26 7 9211
41 53 29809
53 77 5380
56 66 14051
55 55 30661
5 13 21964
83 82 1972
38 74 117
12 16 19551
55 58 12945
58 33 17783
74 6 13089
92 36 12188
64 20 17355
35 7 10227
24 22 15415
37 33 2284
12 75 10759
42 46 1217
78 13 6526
47 45 21142
83 72 13316
59 24 18758
29 75 14585
8 21 3895
59 29 19102
90 7 10451
80 85 27641
3 82 14202
68 33 11772
92 42 14592
7 87 14691
23 9 7193
93 11 28664
68 18 6213
58 38 6978
68 51 30739
18 15 22478
55 17 31449
59 18 29583
63 91 12078
93 76 6920
19 18 14798
33 46 17471
38 51 29872
45 48 6057
53 74 16493
75 15 30349
63 13 22105
83 79 31640
36 69 29647
82 9 15753
93 58 26531
8 79 1358
41 39 28860
46 188
1 2 12050
2 3 2364
3 4 17311
4 5 5500
5 6 18882
6 7 26763
7 8 28115
8 9 15303
9 10 28786
10 11 3849
11 12 29934
12 13 22511
13 14 9165
14 15 2243
15 16 19104
16 17 4984
17 18 11156
18 19 29060
19 20 598
20 21 16298
21 22 12611
22 23 13548
23 24 24834
24 25 13889
25 26 28146
26 27 5314
27 28 6682
28 29 12902
29 30 28537
30 31 27019
31 32 24035
32 33 13790
33 34 14551
34 35 20828
35 36 7407
36 37 20098
37 38 16853
38 39 16620
39 40 9444
40 41 20463
41 42 6630
42 43 10989
43 44 31360
44 45 21886
45 46 12882
32 3 12701
32 35 5011
11 6 9857
33 26 7244
15 8 20863
36 15 2433
38 11 19438
20 28 18186
24 25 1436
4 14 22481
32 30 5701
42 15 27371
6 17 20945
11 23 29061
11 8 752
21 16 21658
22 37 10234
9 1 15001
6 22 31759
10 38 11405
16 35 2801
4 20 10091
6 15 6163
4 15 4489
21 38 20935
17 41 30062
11 3 12189
2 14 6774
19 31 1860
46 13 26894
31 34 26008
15 33 19301
43 25 8605
37 18 15589
14 2 32148
22 3 18911
20 19 3700
4 29 11807
25 35 7269
7 3 23663
34 27 20244
35 37 21035
19 19 20219
11 26 369
17 38 8429
32 14 8610
20 9 29572
1 7 10524
8 34 28237
16 24 25724
36 14 24768
28 39 24270
34 24 864
32 32 27504
23 12 26531
39 34 28054
40 22 17258
31 29 17067
26 44 2864
23 33 19463
16 10 23106
18 41 18868
35 11 2708
7 17 23354
1 10 9746
31 36 23711
4 38 6529
5 37 17700
2 15 21836
26 4 31344
34 20 25293
24 28 1562
26 12 29935
6 14 5329
4 13 12618
36 25 28065
46 21 27387
2 42 29944
31 1 23271
12 10 8826
13 18 6449
25 38 25042
42 27 18951
33 18 30189
21 3 9232
45 6 29555
24 30 16673
19 8 4693
46 45 6667
39 19 16321
42 30 13464
23 40 20716
16 45 30479
15 7 19551
39 16 22236
31 12 17111
36 15 16436
6 29 29143
1 30 12993
34 18 14708
18 36 13249
28 4 7179
45 17 28702
36 38 23010
23 21 18789
17 7 5086
46 26 7849
25 11 2001
26 14 32435
27 13 15901
1 19 8978
16 21 13196
24 43 11231
25 22 31667
44 3 8797
14 18 22340
8 21 23735
44 13 5900
45 35 1924
14 6 12189
2 17 27108
11 45 27337
17 24 32589
39 26 31614
24 15 20065
8 2 11686
17 23 1639
26 2 20244
20 16 30011
44 5 4007
39 6 26059
32 37 17959
15 4 31626
40 42 5257
26 15 14673
28 21 8609
34 32 8878
32 38 22375
2 35 23697
20 31 7259
20 18 28366
37 1 9131
10 2 23036
11 177
1 2 24458
2 3 11662
3 4 28984
4 5 2511
5 6 3895
6 7 25506
7 8 487
8 9 14394
9 10 30415
10 11 6036
8 2 23593
5 6 24847
9 8 468
3 8 16837
10 5 10568
3 6 19243
9 10 21978
7 8 8902
1 4 4628
10 11 5361
1 8 32289
1 1 31022
10 5 200
11 2 20063
9 8 23846
5 7 13080
11 1 32404
9 7 16990
11 3 14721
9 10 22366
2 2 23341
1 5 23298
8 10 31622
8 10 5241
11 10 27541
1 2 4610
8 11 8249
10 2 12702
3 7 27691
10 10 10613
5 6 3447
11 10 15893
5 2 20981
4 3 10447
9 6 13154
9 4 6875
8 8 5932
9 1 23066
6 2 9997
10 6 14971
10 9 20232
10 10 17272
6 6 8808
4 3 13097
9 6 3276
7 4 22744
4 10 5485
4 2 32544
7 11 27157
3 8 25079
10 1 13451
9 2 1852
5 4 14431
2 6 20634
4 3 12370
10 9 21466
3 1 10712
1 1 777
10 5 608
3 9 32751
2 9 32104
3 10 11982
9 11 31627
6 9 19047
10 3 31232
9 2 28590
11 5 32590
6 8 25023
2 3 17697
8 3 14056
8 6 6265
6 1 17893
1 5 24752
9 2 5804
3 9 21268
2 5 23631
3 4 23545
6 8 9694
3 1 1939
4 8 4698
4 6 1024
6 10 30732
9 7 831
1 7 10724
6 7 7951
9 7 26028
3 1 14820
2 6 3116
6 4 32635
5 2 8345
3 9 27831
3 4 16104
1 6 31161
7 1 20688
1 4 29321
5 4 22439
10 5 2465
4 1 13670
3 1 3377
4 8 2409
1 1 13057
10 2 1485
5 9 30774
1 7 10364
1 5 26981
6 10 3911
7 4 7356
7 6 16537
5 5 2852
9 10 19114
6 7 5808
2 8 6462
9 9 15278
7 6 26197
8 11 30518
2 7 17485
3 8 10516
4 2 113
1 9 28754
5 9 4838
11 2 2264
11 7 3436
10 2 21974
11 7 3201
7 6 22518
10 7 9907
2 6 8075
7 9 17486
1 1 10802
11 2 15790
11 3 22690
8 10 10448
1 10 5283
1 2 28416
11 3 10332
9 3 10679
3 3 32639
8 3 29184
9 2 24568
4 3 20478
6 4 27432
2 5 24690
10 8 14813
1 6 9285
2 9 29815
4 5 21130
7 8 13831
8 11 32624
5 9 9288
11 1 2850
9 7 16310
8 5 8576
8 7 22085
9 1 12345
10 6 2133
6 11 10929
3 5 17142
9 4 19374
1 10 17320
4 7 21204
10 8 30985
1 7 4158
7 2 12601
10 3 31469
11 5 20958
9 2 7867
11 9 7940
68 115
1 2 31484
2 3 11606
3 4 2109
4 5 7062
5 6 18318
6 7 23306
7 8 15895
8 9 20832
9 10 25448
10 11 1556
11 12 7799
12 13 29704
13 14 30549
14 15 220
15 16 2994
16 17 4065
17 18 1135
18 19 5606
19 20 31947
20 21 31792
21 22 4080
22 23 21590
23 24 10215
24 25 11224
25 26 16708
26 27 1459
27 28 12545
28 29 28983
29 30 9827
30 31 12523
31 32 12511
32 33 14667
33 34 4701
34 35 20119
35 36 10309
36 37 537
37 38 18998
38 39 4737
39 40 13160
40 41 4175
41 42 29685
42 43 28259
43 44 4517
44 45 10280
45 46 31736
46 47 12786
47 48 21875
48 49 19856
49 50 25738
50 51 27675
51 52 20631
52 53 20361
53 54 13240
54 55 29069
55 56 4247
56 57 8909
57 58 29536
58 59 11383
59 60 32624
60 61 20404
61 62 30602
62 63 6547
63 64 31883
64 65 30553
65 66 24315
66 67 5731
67 68 494
16 45 13304
50 40 10672
7 28 1919
26 63 30926
48 47 14991
66 27 24247
8 45 1675
67 25 17717
9 14 26181
11 28 6652
30 17 28993
18 29 23723
24 40 31117
1 56 25595
47 51 1303
10 59 22490
54 9 31939
11 28 31899
25 12 15033
17 32 3992
59 39 20120
21 51 12227
26 30 10648
68 64 11556
38 50 15806
31 41 12343
19 28 17074
30 11 1696
16 66 6101
47 35 5303
43 53 28323
20 6 977
13 59 22932
60 64 21338
58 63 23276
49 2 1814
34 33 27707
47 59 22311
41 58 642
40 5 5798
49 13 7223
23 32 3061
20 1 15770
35 19 16910
66 38 13590
20 55 31875
62 67 25778
53 16 32745
35 196
1 2 10478
2 3 24282
3 4 5326
4 5 22775
5 6 21219
6 7 26781
7 8 22755
8 9 32737
9 10 16103
10 11 21381
11 12 6025
12 13 8471
13 14 12817
14 15 10979
15 16 24351
16 17 16519
17 18 21349
18 19 8503
19 20 24944
20 21 11493
21 22 19098
22 23 17388
23 24 10386
24 25 28923
25 26 15393
26 27 5955
27 28 4879
28 29 28480
29 30 18018
30 31 11918
31 32 23363
32 33 23467
33 34 25673
34 35 5278
1 34 11781
3 9 6270
17 21 2303
25 13 24937
33 18 12691
32 21 15947
29 1 27816
18 14 3790
27 30 4565
8 32 2868
7 23 18843
6 18 19271
15 30 29427
20 19 8818
32 27 30903
26 27 19567
24 25 13460
31 35 26631
31 28 16517
18 14 9686
9 25 6408
1 30 28444
9 7 391
31 20 11510
12 14 2483
11 34 21148
5 35 11711
28 3 28018
34 33 9404
9 25 21520
25 6 22403
7 7 10640
24 25 32758
29 32 23741
13 14 25471
34 14 8953
33 31 19726
30 24 15611
3 23 10762
33 29 10159
28 7 19189
32 19 17879
20 22 5037
8 25 8014
20 4 12432
9 35 6380
22 9 31985
30 19 5254
4 35 31902
25 24 19070
35 33 28008
24 13 30424
9 23 22249
14 15 12760
29 20 28158
12 35 4239
24 34 28336
18 11 998
22 23 2688
22 30 27905
1 27 594
24 31 5141
13 19 19052
1 11 11015
4 2 31807
5 25 22378
34 11 11515
9 26 30650
20 14 20763
35 22 1505
21 24 29804
10 30 11631
32 16 2868
9 8 30216
30 32 19602
2 6 21236
4 28 12070
4 7 3803
34 1 6304
30 31 30475
15 33 26060
22 11 27617
24 17 29746
13 2 9254
8 18 5993
5 33 3974
33 8 13215
5 25 26725
9 3 25622
17 18 16315
35 32 28542
18 26 11724
26 5 9582
15 2 26827
17 28 26486
31 23 24264
21 26 25976
24 7 8832
31 27 18506
15 23 4836
9 9 30420
31 8 13174
34 30 8484
1 22 16327
6 21 6697
23 35 11966
24 26 5152
29 7 10865
14 13 23758
7 33 1974
8 26 3611
1 10 5302
13 26 7350
19 20 14375
25 29 4541
2 23 25338
18 33 23969
21 3 21663
32 24 25028
2 27 13870
12 35 23424
8 18 11025
34 23 5778
32 27 13834
26 24 1576
18 35 18346
16 8 27385
6 23 1931
3 13 21050
10 28 31733
6 33 19526
30 6 11184
15 21 2897
31 1 17457
35 15 31115
33 32 17008
1 19 4973
28 35 9970
23 25 15920
11 16 28158
7 9 15263
34 16 27382
27 11 5052
2 11 21055
32 19 8693
12 8 16201
26 7 14047
21 1 27787
35 11 16552
29 9 12699
34 25 31683
28 5 16291
24 3 6787
7 12 3808
24 1 28052
34 4 4083
21 20 12438
4 5 2601
28 35 1357
22 10 11273
1 20 11548
27 5 17857
66 238
1 2 12706
2 3 32084
3 4 15810
4 5 18071
5 6 28584
6 7 1011
7 8 18955
8 9 6795
9 10 32156
10 11 24552
11 12 15097
12 13 30361
13 14 9523
14 15 23840
15 16 29080
16 17 10531
17 18 26263
18 19 31025
19 20 15094
20 21 14747
21 22 8131
22 23 32051
23 24 21146
24 25 28915
25 26 17200
26 27 27089
27 28 28242
28 29 18004
29 30 25009
30 31 27039
31 32 14130
32 33 1042
33 34 2971
34 35 15791
35 36 21465
36 37 14560
37 38 19754
38 39 22623
39 40 26614
40 41 18752
41 42 18976
42 43 6772
43 44 11531
44 45 13630
45 46 15535
46 47 26221
47 48 2161
48 49 26206
49 50 23449
50 51 32273
51 52 17053
52 53 6611
53 54 27542
54 55 24139
55 56 17313
56 57 15089
57 58 32758
58 59 3383
59 60 30965
60 61 16869
61 62 11911
62 63 3709
63 64 18552
64 65 27300
65 66 15033
56 27 29150
49 25 31744
4 33 30659
63 29 3874
48 34 23813
11 62 18020
7 5 26040
31 29 6184
51 66 5104
15 39 12905
36 52 24273
52 12 30933
53 10 21667
22 33 17650
20 1 393
28 64 5442
31 52 31922
16 42 31150
14 21 31773
52 26 15006
50 65 21310
66 53 17792
53 44 23343
51 10 9402
12 30 816
42 53 556
21 52 16030
33 10 15063
45 10 16819
31 14 12099
11 50 4260
56 12 4019
21 24 23799
38 5 13392
23 30 6960
26 39 28880
16 32 12067
44 9 4163
48 17 6021
35 60 4359
42 14 12698
25 65 8733
61 52 5139
13 56 6733
18 26 11378
3 28 30428
34 62 19604
54 57 12996
17 61 15921
4 20 18601
8 3 20586
10 33 16645
18 22 14281
65 65 6975
36 27 4920
46 15 31659
20 16 2262
22 60 8606
31 40 17343
8 9 4130
16 47 14358
49 32 22769
33 18 1274
31 64 27825
3 60 9256
52 19 1211
29 41 25979
31 3 31174
11 1 2185
62 63 30792
38 50 12551
10 32 20096
12 23 715
34 61 22867
1 3 30833
10 20 11394
64 25 5143
48 41 18419
49 7 27571
33 18 20214
7 62 23268
59 26 6091
23 57 25170
33 5 22750
18 53 248
52 16 1649
52 49 11762
64 19 28322
61 61 6559
23 62 6942
64 46 4920
38 64 18135
58 52 27691
52 60 7062
45 50 1247
26 16 15948
8 42 26283
15 11 16986
34 49 32029
23 22 15194
6 25 13551
22 4 8716
15 53 4408
39 34 27756
60 11 14267
16 22 25122
5 30 7011
9 44 11723
62 14 22601
7 34 16590
40 6 5854
40 5 8879
28 12 29701
66 30 1580
40 12 2636
52 51 19843
36 47 23683
33 35 21676
33 64 7254
1 9 13175
42 47 10180
60 27 706
54 24 11905
57 9 22347
3 25 19626
21 25 27084
65 10 6733
15 39 5978
56 40 18359
66 11 22084
52 54 27790
24 43 15077
2 2 17421
41 44 1318
41 47 15118
63 50 15008
7 25 1186
60 24 23202
27 46 28770
9 19 4226
37 15 2498
59 64 15877
64 35 10763
11 7 6856
51 27 11978
19 54 18148
41 12 1233
43 55 24138
51 43 15395
40 52 10123
65 31 29532
39 64 13314
17 54 10620
29 10 164
40 47 31508
66 47 11737
40 8 3146
38 20 2603
26 57 29497
24 32 16052
36 20 28292
59 64 15761
34 53 8773
26 21 29118
24 7 2459
4 31 27950
24 60 21889
13 58 15607
37 12 8632
2 1 29932
52 19 20197
49 3 15101
42 30 32057
21 112
1 2 25690
2 3 9525
3 4 23837
4 5 7724
5 6 22553
6 7 19635
7 8 31414
8 9 13421
9 10 18039
10 11 29559
11 12 8460
12 13 8386
13 14 21939
14 15 29273
15 16 8939
16 17 4826
17 18 16012
18 19 1957
19 20 19386
20 21 21902
19 4 22860
8 19 8049
21 11 29940
15 20 29891
16 12 29954
10 7 9521
7 1 21197
15 9 27650
19 13 32630
1 13 31222
8 19 16859
16 19 8007
21 1 21856
6 7 15147
15 3 16192
9 17 9856
1 18 21351
17 4 30569
14 9 8968
18 15 6659
17 2 24167
13 1 24184
10 15 24723
4 17 22309
9 5 30465
7 8 16774
17 6 20549
7 2 19230
2 2 9316
20 4 24486
15 20 28268
10 14 24604
16 2 16986
21 10 14987
20 16 15217
9 10 26789
19 8 32405
19 11 28549
2 4 10562
12 13 9521
8 3 4410
17 4 20667
13 8 16895
21 3 16391
12 14 31918
13 19 15017
18 4 29667
5 14 23384
16 13 24736
20 8 25053
13 5 11892
6 16 3481
2 13 11350
12 13 5357
15 18 15597
11 12 26660
7 10 15419
15 10 11963
2 10 2539
20 16 25618
20 19 11945
3 12 13548
16 21 14422
7 12 20818
10 8 31731
20 1 24229
5 4 15762
3 11 9230
12 20 7606
12 6 32648
4 4 26854
18 2 15422
2 4 20832
11 3 4846
1 5 1068
14 16 908
10 7 16896
6 12 25446
10 3 31162
16 19 32107
5 13 9552
3 5 2669
12 16 11151
1 15 9586
8 4 6144
1 11 17518
17 16 26561
1 10 14333
14 21 17732
19 20 21755
6 11 9765
10 6 16646
32 167
1 2 15119
2 3 30541
3 4 22100
4 5 3502
5 6 31552
6 7 1238
7 8 2468
8 9 3392
9 10 10312
10 11 4552
11 12 24817
12 13 24111
13 14 15674
14 15 5881
15 16 29576
16 17 29986
17 18 27758
18 19 3185
19 20 27688
20 21 22901
21 22 18726
22 23 31864
23 24 8126
24 25 28903
25 26 13425
26 27 19700
27 28 371
28 29 13202
29 30 4432
30 31 13042
31 32 6120
4 25 23585
24 30 22464
9 1 23753
19 18 11898
4 15 1358
7 25 24496
4 32 11800
26 13 13661
21 29 4273
31 32 22096
23 17 32338
5 7 21874
8 1 17925
17 16 10428
2 14 18098
27 3 2727
3 20 935
11 1 17394
16 26 4735
12 1 21774
27 20 28531
5 26 15774
17 9 16767
2 25 1475
20 16 27101
12 18 42
25 15 29374
9 21 19741
24 21 8018
15 9 17925
24 12 4992
27 20 30232
23 24 21457
8 6 28722
28 23 20099
17 28 31490
31 5 17604
13 18 1044
4 10 22393
6 32 24421
28 6 15651
23 21 23672
6 14 20164
13 19 31539
17 22 14283
17 16 23011
5 8 14707
22 11 9015
24 8 11291
4 27 7709
11 3 18813
28 26 23227
23 19 24784
1 32 7934
13 30 29244
18 10 31350
4 1 24866
16 24 7287
32 25 1324
14 23 30904
26 24 28703
25 5 17891
22 28 21220
22 17 16087
28 7 5702
16 16 6798
30 8 3156
9 19 14299
10 20 9575
6 4 20869
27 1 24639
17 29 1129
2 4 20153
13 11 21664
3 27 4347
7 25 32749
26 12 10044
10 7 6861
27 4 32360
6 13 778
27 24 13905
1 20 28063
18 18 24622
20 28 3910
32 25 27286
29 28 26134
28 14 11322
13 2 20465
15 19 4359
30 27 11440
16 32 25978
18 15 7253
23 7 10834
8 21 18607
4 28 20184
17 4 26404
11 29 14969
9 21 2731
7 12 15987
22 13 18206
31 22 28334
10 8 24155
32 31 3364
18 30 1281
1 16 13674
25 25 4000
6 18 24112
10 17 23221
25 26 9423
21 14 20178
31 29 15177
3 31 20407
4 26 19264
27 3 78
29 1 16586
11 29 24262
14 29 17981
16 6 9024
21 15 22067
11 25 20684
15 30 15235
15 19 23468
2 28 12002
11 21 30991
7 26 4195
21 17 27586
27 3 3860
6 4 16023
29 18 31586
10 13 10339
17 27 4378
15 3 7905
20 2 19474
18 21 13550
11 26 26335
2 26 5573
