1000
26356 21917 11477 12163 30890 11023 9728 3010 28653 30598 10015 23829 25890 9886 3825 25232 18717 7085 20996 8923 6898 24649 32549 11995 12295 7178 26651 30606 17006 14736 17045 15159 14706 23752 21856 19900 24688 3692 1501 16460 32745 16585 22963 11332 3284 4549 16577 9556 25145 28192 15191 5854 14587 31226 12453 4254 20982 25238 2419 18064 1609 32093 25363 18446 12789 22566 28308 12857 11432 7860 20537 24987 17619 31104 4905 26379 28930 18873 1384 17360 11117 26250 4102 12553 11210 16283 24471 30284 29542 2266 28899 5005 24436 21371 21982 16961 13733 14397 18138 4548 24313 30448 21499 8952 17620 12084 19179 18224 1108 5763 9424 1612 27618 20338 4219 20517 30471 17971 27874 23851 15489 13919 18385 588 663 15858 13532 31768 28073 8600 4248 29987 32011 9767 1035 19371 18964 9068 23648 23163 15729 13354 2783 18703 11967 10080 24861 9977 8794 5835 23920 22148 6511 18092 7078 2710 10329 13003 15863 23515 18218 27836 25143 14623 4231 12129 30545 14076 25274 19376 1776 694 5890 21174 18303 31843 17197 8412 2644 15439 14697 11882 23080 1950 14936 18761 24011 30771 3426 7181 21269 23505 29519 9779 13856 3712 10005 2470 26804 21555 24814 20872 28163 30119 4014 5680 3735 9358 15444 8815 30856 27373 19423 32280 12274 10691 4963 447 25510 27371 29275 22464 31264 2627 26433 3716 27322 31246 21084 8191 14111 9879 23258 4733 6401 15640 10782 5791 14351 23001 29019 18080 31777 24988 28002 27357 20406 2617 23736 26517 26273 22150 7148 14317 23807 2425 23591 6711 17004 21649 10245 20851 25975 17777 10915 8214 29523 14031 27898 24587 16335 18572 32107 23544 18823 8996 13722 19906 20060 2633 4736 9811 1059 715 21180 667 18842 4027 20266 29140 25504 19152 16823 28939 6821 23561 28276 16348 19551 5268 25321 29309 17854 12527 16299 25854 31011 1613 16433 29646 25805 7995 29923 7554 15763 2947 25460 29138 12761 26449 370 29156 22717 23956 15643 17870 8593 10663 2163 27478 22414 23601 6803 16891 3526 26442 23364 6202 1883 13791 11468 7690 28655 21079 2056 24745 30811 24694 7867 13210 11172 28290 30758 10991 4139 24997 15321 2756 26915 403 7880 20492 11336 26476 9889 13968 32718 21476 14173 24628 21656 12449 7958 380 28843 16613 5144 14160 32226 17772 22842 27132 28899 6040 31855 24955 23633 32715 25496 28405 1092 19220 7068 20358 17910 25615 7611 11329 10175 29446 32543 23413 9539 18780 16052 18222 3050 7212 9530 7423 31632 21037 27545 11007 24446 26841 7028 3602 29593 13518 24064 5482 10714 372 11543 32589 1022 21472 6792 29464 13695 21752 8626 23684 8642 9944 14161 3112 2706 10613 2967 16703 717 29312 12927 172 31069 31886 9822 23867 28778 20853 22714 5418 13518 13305 17760 10472 10698 3240 15281 20252 31991 7682 21053 27113 22143 17373 14483 24944 22924 16904 23382 1943 2305 26159 3732 26889 25705 254 12884 12159 20780 31369 1390 31037 9225 1516 6816 18911 24256 14382 9181 30805 30223 1644 2024 15917 13280 28467 30242 19472 2497 21293 27809 1936 26516 16640 25729 22049 27272 14451 6271 6500 30792 10451 6595 16556 6770 11925 9982 5051 11850 21564 31157 6860 15536 23165 32221 18391 3663 19361 10151 17680 20504 24108 23453 3248 23535 27324 7406 11769 31139 31027 30214 25460 11300 10520 20322 24190 24304 31035 10403 27650 1999 12952 26593 22152 4288 31358 13121 10607 7731 20465 2250 14710 1400 30796 2164 5762 1912 7979 9346 19099 9123 11655 11282 2615 5929 7203 25587 14779 23661 17703 8630 27711 16055 30987 7432 16273 22056 23223 27455 14717 32756 18153 22834 2636 9931 19158 5966 22667 28568 28180 27622 31246 7790 21431 24523 15924 18367 30395 6429 11627 8656 1442 22624 25079 2665 8541 19410 24048 5329 880 11516 650 13306 20306 23688 3226 21752 4882 28754 14933 32183 15168 26562 32346 17390 32267 31320 25587 12367 423 13448 2199 25089 16882 22217 20148 1615 31062 10985 11692 30882 4337 17315 17181 7852 23539 23155 2406 21735 8776 16297 22375 32574 15992 4285 3464 4617 21195 10466 5116 10047 22960 32733 3655 29671 5471 27416 26621 12752 8894 29938 7885 20866 13185 15962 28095 2164 13206 7836 15802 3968 24000 30074 32585 9619 898 25471 20894 10921 3134 23696 6872 26361 28574 18628 30081 21100 12083 10102 5979 28756 4956 26776 5468 4955 12138 28745 10487 7609 28929 30890 23197 4523 16065 17902 13700 1568 27174 24753 26791 21429 30893 19083 30990 3555 2105 24804 26959 7287 21172 25098 31317 2371 5369 18560 26976 22036 23794 28826 20301 28388 765 15430 1304 3152 21141 10541 12703 6732 9774 3323 25768 30485 31328 27642 25382 7783 15432 7654 2232 5361 22316 13565 25203 10246 17757 23381 26337 21909 10338 6770 28489 28763 11346 16664 22065 21591 14978 23390 24354 16254 16224 28932 19371 8881 1951 32262 16808 32492 30869 22897 26309 8896 10209 32374 21821 23555 5712 27581 19944 29126 4610 3324 19316 31367 968 25287 23282 25256 11217 23722 23957 14112 4486 6517 6071 2161 10930 471 12573 31194 32230 28974 2684 20685 17436 24734 3132 6307 19866 18528 21115 11919 11801 11101 23125 18896 29735 252 5219 21547 28618 28984 129 9881 19558 5877 14037 32317 480 15508 525 15768 24836 18117 28391 19968 16164 16796 29943 13646 1282 17384 7333 13272 9457 7360 18037 32415 15414 32606 30603 27081 25524 8497 20334 5969 29641 32301 2828 32253 16243 14182 14590 23696 2743 16349 782 27969 16451 19353 12534 28013 10834 13562 18539 19849 13008 19531 28250 7514 28350 17814 28018 2152 30937 14524 1506 30384 24438 26564 27236 9625 10673 16244 3706 19753 14278 17950 10743 9593 703 27837 5570 24678 32592 30273 26071 27530 10239 26918 25742 3691 29319 16203 21280 14577 13439 18434 4967 5662 15159 28771 7909 14073 6883 26087 28424 27083 30971 18226 15020 4494 21985 22319 11490 4515 6597 26210 30960 8643 26822 26234 28569 7736 601 23590 31134 10317 12271 9002 7044 11011 1746 14514 26264 6149 336 32742 31537 28894 13084 13502 53 28778 7409 
1000
1 279 763
1 167 633
1 13 600
2 44 517 4047
4 83 258 25181
3 168 649 25944
1 159 387
3 227 916 7922
2 460 745 20279
4 232 422 6707
2 167 579 16955
1 169 299
4 392 974 11034
1 28 688
3 282 935 27569
3 123 200 7280
1 261 758
4 715 844 16365
1 396 413
2 544 780 1913
3 96 310 12756
1 549 692
3 702 772 7308
2 684 921 12354
1 184 361
3 519 830 18450
2 418 957 23373
1 101 806
2 40 362 27552
2 554 866 29738
2 448 786 26054
1 924 999
1 217 928
2 194 659 16821
2 330 376 15797
4 412 877 31991
4 290 686 11490
2 184 348 1160
4 73 425 32541
3 388 692 6830
2 210 773 28431
3 831 920 12566
4 249 910 30214
1 613 959
3 57 794 3198
1 787 903
4 5 543 20509
2 254 318 24691
3 706 774 16560
1 140 181
3 469 656 24337
4 727 845 22931
3 300 513 31126
4 398 581 17008
3 723 934 29613
4 248 643 15794
2 325 482 10656
1 238 849
4 86 706 18658
1 220 869
1 340 358
2 258 990 1297
1 62 768
4 236 919 2021
3 20 83 9616
3 346 842 19506
4 347 406 10983
2 897 974 2867
1 641 952
3 379 661 19605
4 108 706 15401
3 331 825 11958
4 35 572 11001
2 593 675 21766
3 771 789 19770
4 238 734 31602
1 422 512
3 895 911 20767
2 277 873 29447
4 344 635 12523
3 98 791 1521
2 77 596 2113
3 359 429 7692
4 43 332 973
1 50 892
3 113 860 15624
3 381 768 12321
4 365 790 13020
4 156 396 2798
4 144 756 1792
2 81 982 24326
2 417 532 28364
3 401 655 32465
4 361 754 3929
3 20 801 22974
4 328 498 31751
2 408 439 699
1 113 525
1 95 363
2 112 344 17637
3 420 523 9238
4 314 676 16621
3 115 346 12644
1 203 839
2 206 931 29445
2 540 624 11497
3 469 602 28635
4 689 894 19819
3 14 895 6865
4 299 843 23158
4 744 930 24247
1 38 715
2 2 252 27142
1 266 746
1 302 407
2 534 743 223
1 273 521
4 154 437 8498
2 464 718 2517
1 476 715
4 593 735 11657
3 822 950 10539
2 184 372 27862
1 394 690
1 224 319
2 25 272 8357
1 801 950
1 90 409
4 10 407 24462
1 34 357
1 272 549
2 401 985 2817
2 787 908 12573
3 95 418 11284
3 543 945 24498
3 521 932 27040
4 213 439 27355
3 559 569 1380
3 456 467 25146
2 214 399 21381
2 358 948 26388
1 140 731
2 2 48 21047
4 422 962 8162
2 503 579 5589
2 74 833 4371
1 27 565
1 601 717
4 135 419 16286
3 141 551 8765
2 495 679 27015
3 106 371 12443
3 724 982 11842
4 530 887 15498
4 38 384 944
2 431 575 19523
3 516 765 15495
4 360 632 1304
3 58 610 16591
1 291 790
2 498 725 7043
3 873 994 9989
1 92 982
2 515 718 11057
2 39 411 23125
3 690 922 1439
1 270 397
2 188 540 27514
3 108 393 12743
1 153 500
2 155 156 19556
2 615 854 18985
4 211 908 21801
2 551 660 30748
2 476 975 27730
1 862 961
2 296 986 13889
2 330 407 4844
3 378 627 16412
3 188 998 11101
1 641 712
3 517 963 9609
4 521 855 1164
1 579 693
1 214 851
1 16 497
4 43 893 3199
2 163 923 18245
3 117 945 4288
3 492 900 19897
3 61 164 31717
1 578 635
3 100 361 29753
1 170 279
2 681 713 5314
3 410 515 14546
3 325 349 22580
4 255 863 25882
1 362 636
1 343 965
3 475 936 17227
4 743 870 10307
2 38 309 782
2 368 971 8039
3 869 935 12633
4 68 99 25335
2 422 747 27214
4 248 399 15256
1 13 425
4 477 599 32418
2 721 904 16911
1 671 913
1 926 937
1 229 882
1 676 904
1 373 820
2 434 590 26161
2 480 858 28867
1 484 997
2 625 870 4347
1 165 655
4 402 607 28851
3 545 575 27942
4 409 795 25723
1 311 438
1 256 621
2 633 639 14500
4 5 840 29671
2 138 963 13350
3 253 993 18513
1 100 466
2 566 723 25204
1 358 762
1 140 164
4 529 777 6524
4 808 812 9989
1 32 840
4 446 453 11801
3 517 671 800
2 317 730 24909
4 672 875 757
3 331 855 8484
3 187 531 24885
3 620 825 16543
4 140 213 29458
2 223 530 26307
4 361 762 25348
1 79 447
4 558 1000 17423
1 728 852
4 298 848 2381
4 534 611 3257
4 73 466 16277
3 201 952 6687
2 413 886 32254
2 605 979 7033
1 572 828
4 407 458 16285
3 8 482 21317
1 24 501
4 303 916 16369
1 41 243
4 168 688 23828
2 489 921 2813
2 222 979 3702
1 487 675
3 191 888 25221
3 38 785 19339
2 609 838 7387
3 70 265 29694
1 123 295
3 23 426 3493
4 429 523 31109
3 74 736 8212
1 681 757
2 93 647 29452
1 22 320
1 64 659
3 177 632 18645
1 222 992
1 39 162
4 177 906 22656
3 418 833 13935
3 540 784 29586
1 754 772
4 187 943 24870
4 140 402 2772
1 390 592
3 134 191 20937
1 171 607
4 211 760 9561
4 543 818 21139
2 154 899 10126
4 85 167 29873
3 655 780 8507
1 551 683
4 372 806 15184
2 46 523 23693
4 235 699 9673
3 536 921 9012
4 69 962 16320
3 607 959 30328
2 634 759 11795
1 189 626
2 345 889 29527
2 138 814 3722
1 417 446
2 55 942 8401
3 504 714 24494
2 154 662 31555
4 542 624 21813
3 517 821 11476
2 469 691 6552
3 525 743 2507
3 667 905 6531
1 14 853
4 523 601 17353
3 437 673 6765
1 360 416
3 294 777 26029
3 707 947 29728
1 216 251
3 126 512 19196
1 534 890
4 603 621 11447
3 145 377 7692
2 22 444 17616
2 348 851 16364
2 112 832 28981
4 181 316 7142
2 97 276 18253
2 708 823 14788
2 524 800 8163
4 506 842 13300
1 4 787
4 229 948 21184
1 363 805
3 566 655 20589
2 783 917 7410
3 222 522 14611
3 244 740 12233
1 522 570
2 803 911 6636
3 4 563 17791
1 708 868
4 276 630 5514
2 7 221 3708
1 413 852
4 640 944 29371
3 110 132 15315
4 570 656 614
3 571 593 13160
4 112 923 6979
4 307 354 16158
2 262 362 23391
3 645 848 11118
2 653 730 24252
2 156 723 24325
4 876 945 19410
1 847 886
2 317 888 27546
1 50 596
2 541 593 28954
4 203 328 19570
3 594 815 1133
4 1 657 7093
3 297 626 11195
1 122 177
1 736 801
3 26 222 987
4 361 947 5768
1 472 820
3 443 490 11303
1 186 469
4 629 880 4826
3 235 448 23552
2 563 728 31416
2 154 706 18084
4 452 468 18166
4 835 959 13270
1 910 962
1 300 856
1 319 855
3 845 883 21419
4 134 619 19980
1 167 804
2 587 976 5626
1 8 946
1 934 980
1 356 542
4 300 592 21153
4 7 771 2472
2 170 986 1748
3 154 569 26585
2 10 639 784
3 47 72 11978
1 76 275
1 92 655
2 2 492 12400
1 103 619
4 291 883 8562
1 643 747
4 823 853 27639
2 91 503 21501
2 343 844 31702
1 33 617
4 445 960 8878
2 911 974 25731
2 304 444 14748
1 68 116
3 213 304 26196
1 88 589
2 442 618 19388
2 639 824 28121
1 403 431
4 91 544 7733
2 624 797 29427
4 666 967 25917
3 536 800 31819
2 210 468 32200
3 215 650 17635
1 551 656
4 357 577 6227
3 334 637 14042
3 850 910 28047
1 478 909
2 740 750 15998
4 22 623 8659
4 436 453 12252
1 225 469
4 163 297 28340
2 73 908 13769
1 550 677
4 628 815 31759
2 155 893 14598
1 810 924
3 556 629 17386
4 526 975 23928
4 436 697 29999
2 602 666 13429
1 258 805
2 114 129 18493
2 622 767 24846
3 472 767 18769
4 20 949 1527
2 430 651 26051
4 194 566 1794
2 389 917 25974
3 183 598 1171
3 19 987 2542
2 30 501 23538
3 350 737 6356
4 632 741 31178
2 179 830 30328
4 454 879 15531
3 261 703 20554
4 570 693 26506
1 412 827
1 468 753
3 277 974 32236
2 484 805 7522
1 476 631
3 486 836 2316
2 300 729 18173
1 194 800
4 106 749 25494
3 15 148 6525
4 49 270 27478
4 35 381 16792
3 565 837 5372
2 125 873 13804
1 395 885
1 337 638
1 381 393
4 238 504 12658
2 779 853 17629
2 87 360 17204
2 681 977 22645
4 319 420 20739
2 111 380 7497
4 235 285 14497
3 533 881 30580
4 502 960 162
2 17 334 30244
1 183 879
1 399 671
4 341 663 11778
3 176 771 18155
1 102 194
1 50 803
3 170 406 1496
1 753 993
4 271 807 20704
2 166 598 908
3 148 726 28587
4 391 746 1723
4 235 364 12235
3 128 795 31027
1 263 564
3 302 517 1134
1 411 566
4 73 151 5476
2 11 128 3352
2 55 408 16651
3 478 589 16667
4 350 654 8939
2 270 968 25398
4 296 880 29027
4 606 864 6490
1 70 454
4 64 774 6211
1 608 800
1 118 149
4 534 935 20630
1 14 978
1 536 635
2 65 277 14147
3 832 969 8875
2 311 660 12563
4 774 940 6490
1 204 658
4 226 299 10283
2 626 842 11737
1 375 761
2 14 529 11827
2 503 882 18705
4 176 621 20382
3 173 580 19597
3 237 669 1302
4 106 637 18234
1 258 688
3 525 534 31990
4 784 839 30914
4 146 784 15512
2 77 133 22230
2 95 1000 4941
3 185 561 17303
4 121 224 25002
1 322 831
3 568 687 10146
1 488 508
1 513 665
1 17 981
4 222 323 29205
3 224 571 11289
4 50 985 19657
3 57 425 17358
2 206 608 16799
1 303 903
2 52 173 21696
2 626 731 6030
2 452 461 7233
2 76 321 12192
1 810 850
3 259 685 19388
3 361 911 16758
2 364 762 11163
1 89 749
2 927 967 28514
3 210 691 6998
1 329 868
1 685 904
3 284 833 9423
2 102 308 22607
3 594 896 31256
2 471 576 11543
3 330 436 10348
3 832 861 27011
1 113 553
1 76 892
2 223 770 26317
3 167 872 4222
2 28 581 28476
2 132 683 652
1 558 559
3 361 897 3731
2 54 970 29382
4 239 602 10152
3 741 930 18757
4 317 402 11151
3 462 683 9977
3 557 645 4929
3 265 825 25741
1 868 873
3 42 624 10839
2 402 758 8035
4 161 444 17353
3 417 771 31286
1 367 712
3 588 667 32465
2 83 852 25278
2 340 527 28138
2 38 975 3676
1 346 349
2 684 935 13342
4 579 801 24509
1 184 489
3 528 948 13802
1 519 780
1 675 724
1 512 777
1 645 998
1 203 723
1 255 581
3 82 668 10533
2 113 841 18030
3 40 295 13691
4 438 458 15141
3 641 920 15860
1 463 987
2 654 807 28904
1 124 302
2 313 967 9236
4 420 502 8473
1 137 416
3 141 744 6639
2 593 733 10046
2 70 597 5751
4 271 762 29331
1 278 503
1 685 971
4 84 182 24043
4 38 273 16512
1 670 993
2 370 596 26505
2 263 294 31420
1 224 395
4 161 590 27736
3 720 964 21693
1 76 682
2 205 982 18731
3 52 61 27192
4 582 620 32018
4 843 894 12119
1 213 638
3 290 302 20692
4 460 613 24238
2 383 887 31349
1 9 385
4 47 146 18939
2 496 643 4329
4 248 368 24640
4 111 410 13566
3 418 697 11238
1 21 207
4 352 772 19799
2 100 344 1983
3 554 658 11831
3 318 326 4675
3 66 665 15334
3 612 894 5645
2 466 883 14891
2 286 841 7968
4 182 726 12127
1 487 704
1 619 658
1 5 940
4 682 816 20571
2 123 326 27304
2 674 899 31910
2 395 896 32252
1 225 385
4 213 262 7919
1 120 479
2 155 263 11728
1 230 793
2 382 937 4874
3 106 501 9010
1 371 670
1 488 740
1 263 398
4 267 755 17074
4 28 286 16804
4 466 817 28606
1 496 879
1 493 968
1 245 756
4 178 784 7879
2 507 807 28314
4 615 889 2437
2 25 77 31687
3 488 791 30454
1 145 400
2 430 557 26362
4 448 841 18181
3 193 812 18247
2 336 932 8510
4 426 868 14189
3 20 268 6990
4 128 985 12174
3 15 599 14969
4 84 598 31924
3 78 339 8234
2 400 930 4936
1 601 923
2 158 883 8068
1 474 686
1 47 118
2 708 905 12630
2 327 988 16416
4 26 469 18652
2 52 645 3371
3 278 876 29268
4 193 635 2279
1 211 560
1 115 516
4 470 493 16854
2 282 628 22512
2 232 342 27801
4 744 882 17819
2 433 742 32557
3 390 566 20851
1 459 490
2 298 734 4088
2 629 738 13815
4 875 900 26224
4 592 655 27788
1 129 546
2 581 923 11403
4 129 219 18834
2 579 582 24489
3 255 932 28033
2 297 815 22107
4 168 767 29552
4 360 489 21649
4 553 680 29707
4 561 832 25037
3 726 833 10701
4 301 373 31143
1 751 907
4 89 958 23679
3 369 664 19032
1 146 302
2 12 214 21080
4 61 593 20866
2 443 676 16396
3 125 251 13625
2 254 668 15453
1 86 493
4 342 873 17717
3 263 802 21148
4 165 444 11803
1 337 680
1 216 488
1 143 199
3 376 441 4657
1 546 934
2 60 434 2272
1 232 421
3 226 637 30346
1 398 493
3 170 870 24905
4 798 989 21121
2 267 800 28462
2 254 566 989
1 220 586
1 526 896
2 572 590 8160
1 122 205
3 318 825 8907
2 756 851 1840
1 230 232
3 817 893 23704
3 750 821 16668
2 910 973 15496
4 146 630 18826
4 228 520 13214
4 19 990 2949
4 276 969 16372
2 604 823 11913
4 79 306 16642
2 879 1000 27313
1 214 372
4 329 904 2553
2 367 394 9932
2 16 516 10076
2 675 956 15516
4 213 291 26280
4 654 801 13572
3 297 626 23588
1 638 930
3 32 906 1537
4 841 871 6086
4 121 369 14057
3 347 711 9766
3 715 859 30496
4 474 765 1784
2 685 868 10525
3 119 389 29798
4 492 623 26206
3 48 109 20703
1 334 925
3 17 594 29347
2 657 762 11523
3 16 321 18085
4 210 842 26957
4 307 742 12648
2 128 401 9971
3 248 791 15769
4 533 679 8219
1 414 903
2 639 932 5565
4 23 573 24457
2 341 475 9432
3 211 532 17026
4 667 811 2855
4 36 937 18717
3 154 591 7340
3 20 386 2686
2 487 515 20049
2 90 527 17903
2 373 616 2144
2 6 221 32094
4 353 708 2313
3 369 635 8156
4 4 39 22240
3 374 693 17439
4 274 754 17244
3 654 944 29441
1 483 590
2 453 464 10131
4 66 386 27242
4 79 277 2500
4 40 319 13709
1 139 436
1 340 656
3 655 909 22403
2 618 841 44
1 271 772
1 380 494
4 632 877 12777
4 581 646 23758
4 90 741 3514
3 455 717 21314
2 586 814 27136
4 122 182 24980
3 635 976 4841
3 130 346 19386
2 887 931 21332
4 872 972 11421
3 718 985 14677
2 72 297 8860
1 781 884
1 268 601
1 466 673
3 246 799 4347
4 35 993 23448
2 134 292 9554
3 550 770 3370
1 199 778
2 27 808 8677
3 427 949 3873
4 212 961 19663
4 70 514 10414
1 58 514
2 555 915 14582
4 368 709 1031
4 690 993 25718
3 79 703 32460
2 362 447 25287
2 558 896 8110
3 129 170 29409
1 1 279
1 741 931
2 127 494 8601
3 371 693 15025
4 628 645 6999
3 821 911 13028
3 54 443 24099
2 184 440 20556
4 109 675 2102
1 423 457
1 671 724
4 234 438 2629
3 504 681 19537
2 519 977 32446
4 309 421 23341
1 656 743
2 610 948 27129
4 292 823 32301
3 341 629 12021
1 364 901
3 34 681 13944
3 93 585 12242
3 418 773 6006
2 353 406 23859
3 141 923 30854
4 109 722 16840
4 278 430 27558
2 676 937 12498
4 818 935 2552
2 312 558 32756
2 456 608 28226
4 356 463 18869
2 33 180 16236
2 360 624 16387
3 295 714 19206
4 2 614 3755
3 132 917 12224
1 672 861
3 784 854 24060
1 80 687
3 216 263 6331
3 40 132 17866
2 295 310 27464
1 533 941
3 127 1000 8499
4 45 361 21571
4 419 806 26854
2 817 961 5801
2 25 145 10838
4 423 470 3353
3 228 566 18145
1 52 713
2 781 889 5622
1 839 844
1 279 601
3 438 481 18953
4 462 539 31046
4 489 762 29770
3 226 747 23382
4 51 682 16121
2 604 702 3370
3 618 829 21652
4 89 473 21041
2 419 748 32026
3 527 788 1182
3 384 863 29841
1 497 505
3 753 957 32232
2 772 812 14151
3 258 575 13542
3 97 786 11282
4 246 866 2861
2 462 929 13394
1 309 479
1 376 980
4 157 746 4626
1 332 738
4 626 919 16905
4 616 808 31755
4 29 945 3349
1 506 510
3 542 842 5251
2 551 978 9971
2 328 332 31222
2 450 557 29794
4 64 551 17915
3 763 955 21583
1 309 497
3 2 663 8713
3 187 720 10576
3 223 821 32461
3 508 718 13070
3 229 920 3195
4 184 708 4304
3 762 763 17105
3 289 430 26681
1 85 858
4 8 181 2018
1 492 775
3 212 346 24312
1 670 764
4 263 974 144
1 594 810
4 401 446 13794
4 209 613 27873
2 364 745 26345
3 322 717 16875
3 836 848 6347
4 302 317 17497
4 286 487 10370
2 180 284 25032
2 414 462 26351
4 325 521 29433
3 20 230 19285
3 352 705 13908
3 315 481 13788
3 58 159 23136
4 699 968 16911
1 737 965
1 195 585
2 148 592 32115
2 171 868 32266
3 291 727 11439
3 735 781 13004
3 128 285 8117
2 621 792 5435
1 807 993
3 474 744 11308
3 467 947 26636
2 107 489 1492
1 400 773
4 302 996 24547
1 33 348
1 85 345
2 52 964 25616
4 445 574 18609
2 573 633 10419
4 225 390 22243
